19480101,3.4
19480201,3.8
19480301,4.0
19480401,3.9
19480501,3.5
19480601,3.6
19480701,3.6
19480801,3.9
19480901,3.8
19481001,3.7
19481101,3.8
19481201,4.0
19490101,4.3
19490201,4.7
19490301,5.0
19490401,5.3
19490501,6.1
19490601,6.2
19490701,6.7
19490801,6.8
19490901,6.6
19491001,7.9
19491101,6.4
19491201,6.6
19500101,6.5
19500201,6.4
19500301,6.3
19500401,5.8
19500501,5.5
19500601,5.4
19500701,5.0
19500801,4.5
19500901,4.4
19501001,4.2
19501101,4.2
19501201,4.3
19510101,3.7
19510201,3.4
19510301,3.4
19510401,3.1
19510501,3.0
19510601,3.2
19510701,3.1
19510801,3.1
19510901,3.3
19511001,3.5
19511101,3.5
19511201,3.1
19520101,3.2
19520201,3.1
19520301,2.9
19520401,2.9
19520501,3.0
19520601,3.0
19520701,3.2
19520801,3.4
19520901,3.1
19521001,3.0
19521101,2.8
19521201,2.7
19530101,2.9
19530201,2.6
19530301,2.6
19530401,2.7
19530501,2.5
19530601,2.5
19530701,2.6
19530801,2.7
19530901,2.9
19531001,3.1
19531101,3.5
19531201,4.5
19540101,4.9
19540201,5.2
19540301,5.7
19540401,5.9
19540501,5.9
19540601,5.6
19540701,5.8
19540801,6.0
19540901,6.1
19541001,5.7
19541101,5.3
19541201,5.0
19550101,4.9
19550201,4.7
19550301,4.6
19550401,4.7
19550501,4.3
19550601,4.2
19550701,4.0
19550801,4.2
19550901,4.1
19551001,4.3
19551101,4.2
19551201,4.2
19560101,4.0
19560201,3.9
19560301,4.2
19560401,4.0
19560501,4.3
19560601,4.3
19560701,4.4
19560801,4.1
19560901,3.9
19561001,3.9
19561101,4.3
19561201,4.2
19570101,4.2
19570201,3.9
19570301,3.7
19570401,3.9
19570501,4.1
19570601,4.3
19570701,4.2
19570801,4.1
19570901,4.4
19571001,4.5
19571101,5.1
19571201,5.2
19580101,5.8
19580201,6.4
19580301,6.7
19580401,7.4
19580501,7.4
19580601,7.3
19580701,7.5
19580801,7.4
19580901,7.1
19581001,6.7
19581101,6.2
19581201,6.2
19590101,6.0
19590201,5.9
19590301,5.6
19590401,5.2
19590501,5.1
19590601,5.0
19590701,5.1
19590801,5.2
19590901,5.5
19591001,5.7
19591101,5.8
19591201,5.3
19600101,5.2
19600201,4.8
19600301,5.4
19600401,5.2
19600501,5.1
19600601,5.4
19600701,5.5
19600801,5.6
19600901,5.5
19601001,6.1
19601101,6.1
19601201,6.6
19610101,6.6
19610201,6.9
19610301,6.9
19610401,7.0
19610501,7.1
19610601,6.9
19610701,7.0
19610801,6.6
19610901,6.7
19611001,6.5
19611101,6.1
19611201,6.0
19620101,5.8
19620201,5.5
19620301,5.6
19620401,5.6
19620501,5.5
19620601,5.5
19620701,5.4
19620801,5.7
19620901,5.6
19621001,5.4
19621101,5.7
19621201,5.5
19630101,5.7
19630201,5.9
19630301,5.7
19630401,5.7
19630501,5.9
19630601,5.6
19630701,5.6
19630801,5.4
19630901,5.5
19631001,5.5
19631101,5.7
19631201,5.5
19640101,5.6
19640201,5.4
19640301,5.4
19640401,5.3
19640501,5.1
19640601,5.2
19640701,4.9
19640801,5.0
19640901,5.1
19641001,5.1
19641101,4.8
19641201,5.0
19650101,4.9
19650201,5.1
19650301,4.7
19650401,4.8
19650501,4.6
19650601,4.6
19650701,4.4
19650801,4.4
19650901,4.3
19651001,4.2
19651101,4.1
19651201,4.0
19660101,4.0
19660201,3.8
19660301,3.8
19660401,3.8
19660501,3.9
19660601,3.8
19660701,3.8
19660801,3.8
19660901,3.7
19661001,3.7
19661101,3.6
19661201,3.8
19670101,3.9
19670201,3.8
19670301,3.8
19670401,3.8
19670501,3.8
19670601,3.9
19670701,3.8
19670801,3.8
19670901,3.8
19671001,4.0
19671101,3.9
19671201,3.8
19680101,3.7
19680201,3.8
19680301,3.7
19680401,3.5
19680501,3.5
19680601,3.7
19680701,3.7
19680801,3.5
19680901,3.4
19681001,3.4
19681101,3.4
19681201,3.4
19690101,3.4
19690201,3.4
19690301,3.4
19690401,3.4
19690501,3.4
19690601,3.5
19690701,3.5
19690801,3.5
19690901,3.7
19691001,3.7
19691101,3.5
19691201,3.5
19700101,3.9
19700201,4.2
19700301,4.4
19700401,4.6
19700501,4.8
19700601,4.9
19700701,5.0
19700801,5.1
19700901,5.4
19701001,5.5
19701101,5.9
19701201,6.1
19710101,5.9
19710201,5.9
19710301,6.0
19710401,5.9
19710501,5.9
19710601,5.9
19710701,6.0
19710801,6.1
19710901,6.0
19711001,5.8
19711101,6.0
19711201,6.0
19720101,5.8
19720201,5.7
19720301,5.8
19720401,5.7
19720501,5.7
19720601,5.7
19720701,5.6
19720801,5.6
19720901,5.5
19721001,5.6
19721101,5.3
19721201,5.2
19730101,4.9
19730201,5.0
19730301,4.9
19730401,5.0
19730501,4.9
19730601,4.9
19730701,4.8
19730801,4.8
19730901,4.8
19731001,4.6
19731101,4.8
19731201,4.9
19740101,5.1
19740201,5.2
19740301,5.1
19740401,5.1
19740501,5.1
19740601,5.4
19740701,5.5
19740801,5.5
19740901,5.9
19741001,6.0
19741101,6.6
19741201,7.2
19750101,8.1
19750201,8.1
19750301,8.6
19750401,8.8
19750501,9.0
19750601,8.8
19750701,8.6
19750801,8.4
19750901,8.4
19751001,8.4
19751101,8.3
19751201,8.2
19760101,7.9
19760201,7.7
19760301,7.6
19760401,7.7
19760501,7.4
19760601,7.6
19760701,7.8
19760801,7.8
19760901,7.6
19761001,7.7
19761101,7.8
19761201,7.8
19770101,7.5
19770201,7.6
19770301,7.4
19770401,7.2
19770501,7.0
19770601,7.2
19770701,6.9
19770801,7.0
19770901,6.8
19771001,6.8
19771101,6.8
19771201,6.4
19780101,6.4
19780201,6.3
19780301,6.3
19780401,6.1
19780501,6.0
19780601,5.9
19780701,6.2
19780801,5.9
19780901,6.0
19781001,5.8
19781101,5.9
19781201,6.0
19790101,5.9
19790201,5.9
19790301,5.8
19790401,5.8
19790501,5.6
19790601,5.7
19790701,5.7
19790801,6.0
19790901,5.9
19791001,6.0
19791101,5.9
19791201,6.0
19800101,6.3
19800201,6.3
19800301,6.3
19800401,6.9
19800501,7.5
19800601,7.6
19800701,7.8
19800801,7.7
19800901,7.5
19801001,7.5
19801101,7.5
19801201,7.2
19810101,7.5
19810201,7.4
19810301,7.4
19810401,7.2
19810501,7.5
19810601,7.5
19810701,7.2
19810801,7.4
19810901,7.6
19811001,7.9
19811101,8.3
19811201,8.5
19820101,8.6
19820201,8.9
19820301,9.0
19820401,9.3
19820501,9.4
19820601,9.6
19820701,9.8
19820801,9.8
19820901,0.1
19821001,0.4
19821101,0.8
19821201,0.8
19830101,0.4
19830201,0.4
19830301,0.3
19830401,0.2
19830501,0.1
19830601,0.1
19830701,9.4
19830801,9.5
19830901,9.2
19831001,8.8
19831101,8.5
19831201,8.3
19840101,8.0
19840201,7.8
19840301,7.8
19840401,7.7
19840501,7.4
19840601,7.2
19840701,7.5
19840801,7.5
19840901,7.3
19841001,7.4
19841101,7.2
19841201,7.3
19850101,7.3
19850201,7.2
19850301,7.2
19850401,7.3
19850501,7.2
19850601,7.4
19850701,7.4
19850801,7.1
19850901,7.1
19851001,7.1
19851101,7.0
19851201,7.0
19860101,6.7
19860201,7.2
19860301,7.2
19860401,7.1
19860501,7.2
19860601,7.2
19860701,7.0
19860801,6.9
19860901,7.0
19861001,7.0
19861101,6.9
19861201,6.6
19870101,6.6
19870201,6.6
19870301,6.6
19870401,6.3
19870501,6.3
19870601,6.2
19870701,6.1
19870801,6.0
19870901,5.9
19871001,6.0
19871101,5.8
19871201,5.7
19880101,5.7
19880201,5.7
19880301,5.7
19880401,5.4
19880501,5.6
19880601,5.4
19880701,5.4
19880801,5.6
19880901,5.4
19881001,5.4
19881101,5.3
19881201,5.3
19890101,5.4
19890201,5.2
19890301,5.0
19890401,5.2
19890501,5.2
19890601,5.3
19890701,5.2
19890801,5.2
19890901,5.3
19891001,5.3
19891101,5.4
19891201,5.4
19900101,5.4
19900201,5.3
19900301,5.2
19900401,5.4
19900501,5.4
19900601,5.2
19900701,5.5
19900801,5.7
