19630101,591.0
19630201,464.0
19630301,461.0
19630401,605.0
19630501,586.0
19630601,526.0
19630701,665.0
19630801,570.0
19630901,590.0
19631001,567.0
19631101,579.0
19631201,514.0
19640101,549.0
19640201,609.0
19640301,562.0
19640401,559.0
19640501,523.0
19640601,580.0
19640701,575.0
19640801,582.0
19640901,590.0
19641001,583.0
19641101,548.0
19641201,540.0
19650101,533.0
19650201,559.0
19650301,556.0
19650401,555.0
19650501,544.0
19650601,614.0
19650701,554.0
19650801,615.0
19650901,587.0
19651001,555.0
19651101,616.0
19651201,609.0
19660101,599.0
19660201,541.0
19660301,557.0
19660401,545.0
19660501,499.0
19660601,434.0
19660701,435.0
19660801,377.0
19660901,358.0
19661001,387.0
19661101,382.0
19661201,369.0
19670101,416.0
19670201,408.0
19670301,439.0
19670401,479.0
19670501,503.0
19670601,499.0
19670701,515.0
19670801,504.0
19670901,531.0
19671001,566.0
19671101,500.0
19671201,502.0
19680101,494.0
19680201,543.0
19680301,490.0
19680401,501.0
19680501,441.0
19680601,441.0
19680701,493.0
19680801,507.0
19680901,501.0
19681001,502.0
19681101,469.0
19681201,511.0
19690101,480.0
19690201,524.0
19690301,474.0
19690401,450.0
19690501,447.0
19690601,461.0
19690701,436.0
19690801,422.0
19690901,396.0
19691001,401.0
19691101,441.0
19691201,452.0
19700101,461.0
19700201,373.0
19700301,389.0
19700401,445.0
19700501,466.0
19700601,485.0
19700701,481.0
19700801,515.0
19700901,564.0
19701001,545.0
19701101,570.0
19701201,582.0
19710101,618.0
19710201,618.0
19710301,681.0
19710401,662.0
19710501,618.0
19710601,646.0
19710701,706.0
19710801,659.0
19710901,625.0
19711001,647.0
19711101,710.0
19711201,689.0
19720101,698.0
19720201,711.0
19720301,640.0
19720401,684.0
19720501,677.0
19720601,687.0
19720701,681.0
19720801,773.0
19720901,767.0
19721001,843.0
19721101,735.0
19721201,772.0
19730101,781.0
19730201,737.0
19730301,725.0
19730401,661.0
19730501,660.0
19730601,650.0
19730701,601.0
19730801,566.0
19730901,561.0
19731001,565.0
19731101,547.0
19731201,519.0
19740101,523.0
19740201,539.0
19740301,572.0
19740401,544.0
19740501,590.0
19740601,534.0
19740701,534.0
19740801,492.0
19740901,511.0
19741001,448.0
19741101,450.0
19741201,417.0
19750101,416.0
19750201,422.0
19750301,477.0
19750401,543.0
19750501,579.0
19750601,557.0
19750701,569.0
19750801,566.0
19750901,556.0
19751001,609.0
19751101,680.0
19751201,669.0
19760101,603.0
19760201,644.0
19760301,591.0
19760401,611.0
19760501,570.0
19760601,591.0
19760701,664.0
19760801,648.0
19760901,696.0
19761001,708.0
19761101,735.0
19761201,767.0
19770101,825.0
19770201,839.0
19770301,872.0
19770401,799.0
19770501,807.0
19770601,805.0
19770701,755.0
19770801,808.0
19770901,842.0
19771001,819.0
19771101,829.0
19771201,835.0
19780101,795.0
19780201,791.0
19780301,814.0
19780401,864.0
19780501,857.0
19780601,834.0
19780701,789.0
19780801,756.0
19780901,812.0
19781001,872.0
19781101,798.0
19781201,805.0
19790101,754.0
19790201,723.0
19790301,793.0
19790401,748.0
19790501,727.0
19790601,700.0
19790701,715.0
19790801,729.0
19790901,727.0
19791001,670.0
19791101,597.0
19791201,559.0
19800101,592.0
19800201,541.0
19800301,474.0
19800401,370.0
19800501,469.0
19800601,552.0
19800701,636.0
19800801,659.0
19800901,596.0
19801001,561.0
19801101,562.0
19801201,532.0
19810101,511.0
19810201,510.0
19810301,514.0
19810401,470.0
19810501,467.0
19810601,415.0
19810701,431.0
19810801,378.0
19810901,338.0
19811001,356.0
19811101,382.0
19811201,457.0
19820101,368.0
19820201,365.0
19820301,374.0
19820401,339.0
19820501,384.0
19820601,370.0
19820701,375.0
19820801,407.0
19820901,481.0
19821001,480.0
19821101,554.0
19821201,521.0
19830101,582.0
19830201,562.0
19830301,596.0
19830401,638.0
19830501,664.0
19830601,651.0
19830701,606.0
19830801,572.0
19830901,608.0
19831001,632.0
19831101,644.0
19831201,773.0
19840101,691.0
19840201,696.0
19840301,641.0
19840401,639.0
19840501,615.0
19840601,630.0
19840701,619.0
19840801,567.0
19840901,662.0
19841001,687.0
19841101,597.0
19841201,597.0
19850101,645.0
19850201,682.0
19850301,671.0
19850401,620.0
19850501,678.0
19850601,722.0
19850701,766.0
19850801,726.0
19850901,678.0
19851001,655.0
19851101,733.0
19851201,721.0
19860101,733.0
19860201,728.0
19860301,880.0
19860401,857.0
19860501,789.0
19860601,728.0
19860701,698.0
19860801,621.0
19860901,763.0
19861001,669.0
19861101,707.0
19861201,784.0
19870101,709.0
19870201,732.0
19870301,713.0
19870401,735.0
19870501,651.0
19870601,637.0
19870701,658.0
19870801,657.0
19870901,666.0
19871001,650.0
19871101,625.0
19871201,595.0
19880101,585.0
19880201,663.0
19880301,669.0
19880401,699.0
19880501,684.0
19880601,717.0
19880701,679.0
19880801,688.0
19880901,703.0
19881001,718.0
19881101,628.0
19881201,658.0
19890101,719.0
19890201,622.0
19890301,567.0
19890401,608.0
19890501,656.0
19890601,642.0
19890701,731.0
19890801,697.0
19890901,639.0
19891001,645.0
19891101,684.0
19891201,630.0
19900101,620.0
19900201,591.0
19900301,574.0
19900401,542.0
19900501,534.0
19900601,545.0
19900701,542.0
19900801,528.0
19900901,496.0
19901001,465.0
19901101,493.0
19901201,464.0
19910101,401.0
19910201,482.0
19910301,507.0
19910401,508.0
19910501,517.0
19910601,516.0
19910701,511.0
19910801,526.0
19910901,487.0
19911001,524.0
19911101,575.0
19911201,558.0
19920101,676.0
19920201,639.0
19920301,554.0
19920401,546.0
19920501,554.0
19920601,596.0
19920701,627.0
19920801,636.0
19920901,650.0
19921001,621.0
19921101,614.0
19921201,650.0
19930101,596.0
19930201,604.0
19930301,602.0
19930401,701.0
19930501,626.0
19930601,653.0
19930701,655.0
19930801,645.0
19930901,726.0
19931001,704.0
19931101,769.0
19931201,812.0
19940101,619.0
19940201,686.0
19940301,747.0
19940401,692.0
19940501,691.0
19940601,621.0
19940701,628.0
19940801,656.0
19940901,677.0
19941001,715.0
19941101,646.0
19941201,629.0
19950101,626.0
19950201,559.0
19950301,616.0
19950401,621.0
19950501,674.0
19950601,725.0
19950701,765.0
19950801,701.0
19950901,678.0
19951001,696.0
19951101,664.0
19951201,709.0
19960101,714.0
19960201,769.0
19960301,721.0
19960401,736.0
19960501,746.0
19960601,721.0
19960701,770.0
19960801,826.0
19960901,770.0
19961001,720.0
19961101,771.0
19961201,805.0
19970101,830.0
19970201,801.0
19970301,831.0
19970401,744.0
19970501,760.0
19970601,793.0
19970701,805.0
19970801,815.0
19970901,840.0
19971001,800.0
19971101,864.0
19971201,793.0
19980101,872.0
19980201,866.0
19980301,836.0
19980401,866.0
19980501,887.0
19980601,923.0
19980701,876.0
19980801,846.0
19980901,864.0
19981001,893.0
19981101,995.0
19981201,949.0
19990101,875.0
19990201,848.0
19990301,863.0
19990401,918.0
19990501,888.0
19990601,923.0
19990701,900.0
19990801,893.0
19990901,826.0
19991001,872.0
19991101,863.0
19991201,873.0
20000101,873.0
20000201,856.0
20000301,900.0
20000401,841.0
20000501,857.0
20000601,793.0
20000701,887.0
20000801,848.0
20000901,912.0
20001001,933.0
20001101,880.0
20001201,983.0
20010101,936.0
20010201,963.0
20010301,939.0
20010401,909.0
20010501,885.0
20010601,882.0
20010701,880.0
20010801,866.0
20010901,853.0
20011001,871.0
20011101,924.0
20011201,979.0
20020101,880.0
20020201,948.0
20020301,923.0
20020401,936.0
20020501,978.0
20020601,957.0
20020701,956.0
20020801,1014.0
20020901,1044.0
20021001,1006.0
20021101,1024.0
20021201,1048.0
20030101,999.0
20030201,936.0
20030301,999.0
20030401,1012.0
20030501,1078.0
20030601,1193.0
20030701,1168.0
20030801,1206.0
20030901,1131.0
20031001,1144.0
20031101,1093.0
20031201,1129.0
20040101,1165.0
20040201,1159.0
20040301,1276.0
20040401,1186.0
20040501,1241.0
20040601,1180.0
20040701,1088.0
20040801,1175.0
20040901,1214.0
20041001,1305.0
20041101,1179.0
20041201,1242.0
20050101,1203.0
20050201,1319.0
20050301,1328.0
20050401,1260.0
20050501,1286.0
20050601,1274.0
