19470101,82.3793
19470201,81.2734
19470301,80.5653
19470401,80.1894
19470501,79.6067
19470601,78.8543
19470701,77.7495
19470801,77.5449
19470901,77.9527
19471001,77.9365
19471101,77.5416
19471201,76.9213
19480101,76.6783
19480201,75.632
19480301,73.8527
19480401,73.5492
19480501,73.4482
19480601,72.6322
19480701,72.7601
19480801,72.9033
19480901,71.3483
19481001,71.1134
19481101,71.0438
19481201,70.8748
19490101,71.0665
19490201,70.618
19490301,69.6147
19490401,69.8761
19490501,71.0531
19490601,71.2553
19490701,72.5193
19490801,74.6826
19490901,75.6903
19491001,76.3755
19491101,76.3032
19491201,76.3677
19500101,77.0696
19500201,76.5896
19500301,75.7444
19500401,75.3099
19500501,75.5095
19500601,75.5741
19500701,74.9888
19500801,74.5242
19500901,73.4637
19501001,72.9567
19501101,72.4823
19501201,72.6108
19510101,71.4143
19510201,70.0513
19510301,69.5317
19510401,69.1853
19510501,68.7624
19510601,69.0078
19510701,69.347
19510801,69.7115
19510901,70.38
19511001,71.3436
19511101,72.3427
19511201,72.9764
19520101,73.2142
19520201,72.825
19520301,72.5548
19520401,72.143
19520501,72.2152
19520601,72.8094
19520701,74.165
19520801,74.3883
19520901,74.0654
19521001,74.9115
19521101,76.2332
19521201,76.2592
19530101,75.5763
19530201,74.6313
19530301,73.3241
19530401,71.8217
19530501,70.8072
19530601,70.7645
19530701,73.9967
19530801,75.2902
19530901,75.1622
19531001,75.3976
19531101,76.6992
19531201,77.4215
19540101,77.8338
19540201,77.2821
19540301,75.6631
19540401,75.8181
19540501,76.9745
19540601,77.4954
19540701,78.3365
19540801,80.8023
19540901,81.8551
19541001,83.9605
19541101,84.9343
19541201,85.7658
19550101,85.0233
19550201,82.5485
19550301,80.2962
19550401,80.1823
19550501,79.8284
19550601,78.4132
19550701,78.1116
19550801,77.6078
19550901,76.9962
19551001,77.3828
19551101,76.6934
19551201,76.51
19560101,75.8719
19560201,74.4805
19560301,73.4755
19560401,72.816
19560501,71.9386
19560601,71.0224
19560701,70.4386
19560801,71.0557
19560901,71.4201
19561001,71.6197
19561101,72.2277
19561201,72.6848
19570101,72.2249
19570201,71.4069
19570301,70.4954
19570401,71.4273
19570501,71.6052
19570601,70.4048
19570701,70.3657
19570801,70.6264
19570901,70.5921
19571001,71.794
19571101,72.0978
19571201,72.8829
19580101,73.1733
19580201,73.684
19580301,75.2712
19580401,78.0339
19580501,79.5272
19580601,80.9484
19580701,81.0705
19580801,82.3735
19580901,82.457
19581001,83.193
19581101,84.0568
19581201,84.0633
19590101,84.2043
19590201,83.528
19590301,81.6405
19590401,81.8099
19590501,80.7315
19590601,78.6972
19590701,78.9984
19590801,77.3045
19590901,76.8926
19591001,76.2235
19591101,75.8793
19591201,76.1711
19600101,75.4515
19600201,73.3363
19600301,71.5296
19600401,71.4718
19600501,71.6858
19600601,71.1864
19600701,73.002
19600801,73.0803
19600901,74.0062
19601001,75.8775
19601101,77.0858
19601201,78.2554
19610101,79.3604
19610201,79.6115
19610301,79.0048
19610401,78.9843
19610501,79.559
19610601,81.274
19610701,81.9451
19610801,83.2358
19610901,84.7133
19611001,86.4026
19611101,86.3486
19611201,86.8394
19620101,87.4541
19620201,87.1298
19620301,86.4227
19620401,86.6745
19620501,86.6578
19620601,87.4133
19620701,87.7873
19620801,87.8828
19620901,88.208
19621001,89.7636
19621101,89.7457
19621201,90.821
19630101,91.4475
19630201,90.8782
19630301,90.3946
19630401,90.2025
19630501,89.9625
19630601,90.0224
19630701,90.2269
19630801,88.9845
19630901,89.5672
19631001,90.1585
19631101,90.2224
19631201,91.3986
19640101,91.0341
19640201,90.2202
19640301,90.3718
19640401,89.8569
19640501,88.5204
19640601,88.446
19640701,88.1218
19640801,88.8297
19640901,90.4959
19641001,91.864
19641101,93.0019
19641201,93.6749
19650101,93.3366
19650201,92.9071
19650301,92.4286
19650401,91.771
19650501,90.884
19650601,90.9282
19650701,90.966
19650801,90.9096
19650901,91.4865
19651001,93.9563
19651101,94.07
19651201,95.0753
19660101,95.3825
19660201,94.346
19660301,92.9743
19660401,93.1849
19660501,92.8476
19660601,91.8275
19660701,91.8803
19660801,92.4919
19660901,93.7842
19661001,93.8593
19661101,94.613
19661201,96.8275
19670101,98.1401
19670201,99.5001
19670301,101.176
19670401,100.7209
19670501,100.38
19670601,99.9868
19670701,102.4145
19670801,103.9897
19670901,106.7317
19671001,109.6536
19671101,110.8494
19671201,111.0652
19680101,111.5138
19680201,112.0703
19680301,112.5476
19680401,111.5257
19680501,111.8208
19680601,110.8677
19680701,111.3308
19680801,113.8542
19680901,116.7016
19681001,118.7484
19681101,119.323
19681201,121.5774
19690101,120.4117
19690201,117.9944
19690301,116.727
19690401,116.8534
19690501,114.3357
19690601,113.0438
19690701,112.1151
19690801,111.0254
19690901,111.0354
19691001,110.1392
19691101,111.4671
19691201,112.0894
19700101,110.6784
19700201,109.0177
19700301,110.4947
19700401,112.4359
19700501,112.2189
19700601,112.4839
19700701,113.8096
19700801,116.6634
19700901,119.0621
19701001,121.9163
19701101,124.957
19701201,129.2977
19710101,132.3239
19710201,133.6449
19710301,135.3973
19710401,137.401
19710501,135.9675
19710601,137.0142
19710701,139.2544
19710801,138.5272
19710901,139.7432
19711001,141.1104
19711101,143.9019
19711201,147.3477
19720101,148.5752
19720201,148.4146
19720301,151.3106
19720401,152.5361
19720501,151.7491
19720601,151.3876
19720701,150.7103
19720801,151.3745
19720901,153.523
19721001,154.1089
19721101,155.9346
19721201,159.7468
19730101,161.3595
19730201,158.6353
19730301,158.0981
19730401,158.3425
19730501,157.0842
19730601,157.6865
19730701,157.3297
19730801,157.7332
19730901,159.3932
19731001,161.0862
19731101,164.2138
19731201,166.9045
19740101,168.3705
19740201,168.3496
19740301,170.4058
19740401,170.664
19740501,168.9082
19740601,169.011
19740701,167.1459
19740801,167.7577
19740901,167.2772
19741001,166.8679
19741101,168.9024
19741201,172.0952
19750101,172.2165
19750201,172.0668
19750301,177.2118
19750401,182.0769
19750501,183.881
19750601,187.6768
19750701,189.1861
19750801,192.3156
19750901,196.3863
19751001,197.8052
19751101,200.8638
19751201,204.9106
19760101,205.2917
19760201,206.1227
19760301,208.9763
19760401,213.3865
19760501,212.7785
19760601,213.5223
19760701,212.3232
19760801,214.3413
19760901,215.7426
19761001,217.5418
19761101,221.3877
19761201,226.669
19770101,226.5389
19770201,227.5738
19770301,230.5639
19770401,232.4417
19770501,231.4984
19770601,232.1771
19770701,230.3024
19770801,230.1719
19770901,230.9649
19771001,229.8558
19771101,231.6455
19771201,234.3491
19780101,232.6858
19780201,233.8456
19780301,236.1659
19780401,238.8215
19780501,236.7878
19780601,237.7968
19780701,236.1029
19780801,236.2009
19780901,238.6604
19781001,238.2521
19781101,238.8727
19781201,240.2195
19790101,242.2032
19790201,243.0679
19790301,245.6088
19790401,248.4004
19790501,248.3633
19790601,249.1178
19790701,250.5702
19790801,251.101
19790901,254.9396
19791001,255.6111
19791101,256.9973
19791201,257.8062
19800101,257.0602
19800201,259.9302
19800301,261.5307
19800401,263.1218
19800501,266.6796
19800601,270.0
