19430101,6.5778
19430201,6.463
19430301,6.2342
19430401,6.1258
19430501,5.9363
19430601,5.8222
19430701,5.7184
19430801,5.6388
19430901,5.6476
19431001,5.6507
19431101,5.5769
19431201,5.4625
19440101,5.3986
19440201,5.3544
19440301,5.3704
19440401,5.3792
19440501,5.4305
19440601,5.4678
19440701,5.4982
19440801,5.534
19440901,5.5492
19441001,5.5659
19441101,5.5701
19441201,5.5857
19450101,5.6027
19450201,5.5738
19450301,5.6677
19450401,5.5825
19450501,5.6053
19450601,5.7045
19450701,5.7488
19450801,5.767
19450901,5.7583
19451001,5.932
19451101,6.0956
19451201,6.5671
19460101,6.5045
19460201,6.766
19460301,7.0055
19460401,7.3332
19460501,7.5324
19460601,7.7022
19460701,7.9336
19460801,8.3452
19460901,8.5996
19461001,8.8951
19461101,9.2183
19461201,9.4444
19470101,9.7702
19470201,10.089
19470301,10.3459
19470401,10.6459
19470501,10.9263
19470601,11.1357
19470701,11.3641
19470801,11.5829
19470901,11.8603
19471001,12.2051
19471101,12.5349
19471201,12.8556
19480101,13.2286
19480201,13.5243
19480301,13.9212
19480401,14.2641
19480501,14.5003
19480601,14.7753
19480701,15.0416
19480801,15.2297
19480901,15.5151
19481001,15.5796
19481101,15.6034
19481201,15.8032
19490101,15.9017
19490201,16.0093
19490301,16.093
19490401,16.4132
19490501,16.6381
19490601,16.8609
19490701,17.0611
19490801,17.3555
19490901,17.6952
19491001,18.0213
19491101,18.436
19491201,18.7722
19500101,19.0509
19500201,19.3716
19500301,19.7348
19500401,20.1484
19500501,20.6217
19500601,21.1188
19500701,22.0863
19500801,22.7283
19500901,23.1716
19501001,23.2422
19501101,23.2586
19501201,23.2292
19510101,23.7976
19510201,24.1094
19510301,24.281
19510401,24.0762
19510501,23.9949
19510601,23.841
19510701,23.7066
19510801,23.9401
19510901,24.0983
19511001,24.288
19511101,24.6397
19511201,24.628
19520101,24.8019
19520201,25.1519
19520301,25.1956
19520401,25.5481
19520501,26.1465
19520601,26.7624
19520701,27.2102
19520801,27.4688
19520901,27.8698
19521001,28.4966
19521101,29.0491
19521201,29.6856
19530101,30.4795
19530201,30.8866
19530301,31.6393
19530401,32.1174
19530501,32.4318
19530601,32.5016
19530701,32.7923
19530801,33.0606
19530901,33.2557
19531001,33.4823
19531101,33.5583
19531201,33.6969
19540101,34.0649
19540201,33.7014
19540301,33.5077
19540401,33.7065
19540501,33.7048
19540601,33.8154
19540701,34.0572
19540801,34.0096
19540901,34.1373
19541001,34.3634
19541101,34.6086
19541201,35.0283
19550101,35.3725
19550201,35.9254
19550301,36.5303
19550401,37.2352
19550501,37.7368
19550601,38.5367
19550701,39.0294
19550801,39.7328
19550901,40.3942
19551001,40.8337
19551101,41.3668
19551201,41.869
19560101,42.1201
19560201,42.5611
19560301,43.2053
19560401,43.384
19560501,43.7996
19560601,44.0536
19560701,44.1734
19560801,44.4989
19560901,44.779
19561001,44.9342
19561101,45.4008
19561201,45.4482
19570101,45.7005
19570201,46.0422
19570301,46.2453
19570401,46.5174
19570501,46.838
19570601,47.0003
19570701,47.3685
19570801,47.6462
19570901,47.7415
19571001,47.879
19571101,47.9597
19571201,48.0783
19580101,48.2925
19580201,48.0975
19580301,47.7734
19580401,47.6625
19580501,47.6183
19580601,47.5074
19580701,47.5523
19580801,47.593
19580901,47.7129
19581001,47.8232
19581101,47.9875
19581201,48.3944
19590101,48.9612
19590201,49.5137
19590301,50.0077
19590401,50.4634
19590501,51.0072
19590601,51.6754
19590701,52.3569
19590801,53.0385
19590901,53.6838
19591001,54.366
19591101,54.7948
19591201,56.0107
19600101,56.0156
19600201,56.3646
19600301,56.8629
19600401,57.7114
19600501,57.951
19600601,58.3871
19600701,58.7467
19600801,58.9472
19600901,59.3647
19601001,59.629
19601101,59.874
19601201,60.0253
19610101,60.6719
19610201,60.3101
19610301,60.4555
19610401,60.0759
19610501,60.1797
19610601,60.3348
19610701,60.396
19610801,60.6195
19610901,60.8831
19611001,61.1582
19611101,61.7483
19611201,62.2485
19620101,62.2828
19620201,62.6404
19620301,63.1286
19620401,63.8669
19620501,64.601
19620601,65.1374
19620701,65.5122
19620801,66.0551
19620901,66.4383
19621001,67.0289
19621101,67.6421
19621201,68.1267
19630101,68.6565
19630201,69.3768
19630301,70.0734
19630401,70.8016
19630501,71.3351
19630601,71.8756
19630701,72.7165
19630801,73.5762
19630901,74.1698
19631001,75.113
19631101,75.6069
19631201,76.5815
19640101,77.4614
19640201,78.3362
19640301,79.2404
19640401,79.9082
19640501,80.8345
19640601,81.4282
19640701,82.2945
19640801,82.9731
19640901,83.922
19641001,84.5302
19641101,84.944
19641201,85.9596
19650101,87.1826
19650201,88.152
19650301,88.9161
19650401,90.0474
19650501,90.8859
19650601,91.8301
19650701,92.6946
19650801,93.2871
19650901,94.1265
19651001,94.8045
19651101,95.4053
19651201,95.9547
19660101,97.0307
19660201,97.7584
19660301,98.4464
19660401,98.8051
19660501,99.3054
19660601,99.7887
19660701,100.0614
19660801,100.5867
19660901,100.6725
19661001,100.9531
19661101,101.4374
19661201,101.7882
19670101,102.1986
19670201,102.3626
19670301,102.7322
19670401,102.8859
19670501,103.1514
19670601,103.741
19670701,104.0943
19670801,104.6775
19670901,105.1723
19671001,105.4407
19671101,106.2966
19671201,106.8426
19680101,106.7724
19680201,107.9284
19680301,108.6891
19680401,109.5976
19680501,110.377
19680601,111.0679
19680701,112.1237
19680801,112.845
19680901,113.7542
19681001,115.2283
19681101,116.1961
19681201,117.3991
19690101,118.226
19690201,119.449
19690301,120.4315
19690401,121.5237
19690501,122.5648
19690601,123.3807
19690701,124.004
19690801,124.6087
19690901,125.3191
19691001,126.0197
19691101,126.5692
19691201,127.1562
19700101,127.803
19700201,128.1912
19700301,128.28
19700401,128.3747
19700501,128.534
19700601,129.1854
19700701,129.8569
19700801,130.1846
19700901,130.8508
19701001,131.1131
19701101,130.8074
19701201,131.5516
19710101,134.1641
19710201,134.9329
19710301,135.7363
19710401,136.9925
19710501,137.8409
19710601,138.7689
19710701,139.908
19710801,141.2521
19710901,142.7666
19711001,143.9268
19711101,145.6348
19711201,146.9302
19720101,147.6605
19720201,148.9245
19720301,150.7711
19720401,152.322
19720501,154.1995
19720601,156.153
19720701,157.2799
19720801,158.9394
19720901,160.5533
19721001,162.225
19721101,164.1016
19721201,166.1891
19730101,169.2947
19730201,171.6018
19730301,173.9089
19730401,175.7627
19730501,178.128
19730601,180.4293
19730701,182.3182
19730801,184.3265
19730901,185.3455
19731001,187.4761
19731101,189.3088
19731201,190.0863
19740101,191.3125
19740201,192.5154
19740301,193.358
19740401,194.6036
19740501,195.8699
19740601,196.8878
19740701,198.2935
19740801,199.3168
19740901,199.6171
19741001,199.5348
19741101,199.2547
19741201,198.9178
19750101,199.0636
19750201,199.5078
19750301,199.1099
19750401,198.7429
19750501,198.7372
19750601,196.0434
19750701,197.5794
19750801,198.2116
19750901,199.429
19751001,200.4343
19751101,201.4929
19751201,204.002
19760101,205.5208
19760201,206.7093
19760301,208.3386
19760401,210.5001
19760501,211.4074
19760601,213.2401
19760701,215.2727
19760801,216.5099
19760901,218.7088
19761001,220.867
